0 7 1
1 82 0
1 82 0
1 82 0
1 82 0
1 82 0
1 82 0
1 82 0
2 6 1
2 6 1
2 6 0
2 6 1
2 6 1
2 6 1
2 8 1
2 8 1
2 11 0
2 11 1
2 11 1
2 11 1
2 13 1
2 13 1
2 25 0
2 25 1
2 25 0
2 25 1
2 25 1
2 25 1
2 26 1
2 29 1
2 29 1
2 29 1
2 29 1
2 29 1
2 30 1
2 30 0
2 30 0
2 30 1
2 30 1
2 30 1
2 30 0
2 30 0
2 30 1
2 30 0
2 30 1
2 30 1
2 30 1
2 30 1
2 33 1
2 33 1
2 33 1
2 33 1
2 33 1
2 34 0
2 34 0
2 35 0
2 35 0
2 36 1
2 36 1
2 37 1
2 37 1
2 37 1
2 37 1
2 37 1
2 37 1
2 37 1
2 37 1
2 37 1
2 37 1
2 44 1
2 45 1
2 46 0
2 46 0
2 48 0
2 48 1
2 48 1
2 48 1
2 55 1
2 79 1
2 79 1
2 79 1
2 79 1
2 80 1
2 80 1
2 81 1
2 81 1
2 81 0
2 81 1
2 81 1
2 81 1
2 81 1
2 81 1
2 82 1
2 82 1
2 82 1
2 82 0
2 82 1
2 82 1
2 82 1
2 86 0
2 86 1
2 86 0
2 86 1
2 86 1
2 86 0
2 86 1
2 86 1
2 86 1
2 86 1
2 86 1
2 86 1
2 89 1
2 99 0
2 99 1
2 99 1
2 99 1
2 99 0
2 99 1
2 99 1
2 99 1
2 99 1
2 99 0
2 99 1
2 103 1
2 123 1
2 123 1
2 123 1
2 123 1
2 123 1
3 98 1
3 98 1
3 98 1
3 98 0
3 98 1
4 30 1
4 30 1
4 30 0
4 30 1
4 30 0
4 30 1
4 30 1
4 30 1
4 30 1
4 30 1
4 30 1
4 30 0
4 30 0
4 30 0
4 33 1
4 33 1
4 33 1
4 33 0
4 33 1
4 33 1
4 33 1
4 33 1
4 33 1
4 123 1
5 42 0
5 42 0
5 42 0
5 42 0
5 42 0
5 42 0
5 82 0
5 82 0
5 82 1
5 82 1
5 82 0
5 82 1
5 82 1
5 82 0
5 82 0
6 0 1
6 0 1
6 9 1
6 11 1
6 12 1
6 12 1
6 12 1
6 12 1
6 12 1
6 12 0
6 12 0
6 12 1
6 12 1
6 12 1
6 13 1
6 13 0
6 13 0
6 13 1
6 13 1
6 13 1
6 13 1
6 13 1
6 14 1
6 14 1
6 14 1
6 14 1
6 14 1
7 0 1
7 0 1
7 9 1
7 11 1
7 12 1
7 12 1
7 12 1
7 12 1
7 12 1
7 12 1
7 13 1
7 13 1
7 13 0
7 14 1
7 14 1
7 14 1
7 14 1
7 14 1
8 18 1
8 18 1
8 82 0
8 82 1
8 82 1
8 84 0
9 0 1
9 0 1
9 9 1
9 11 1
9 12 1
9 12 1
9 12 1
9 12 0
9 12 1
9 12 1
9 12 1
9 12 1
9 12 1
9 14 1
9 14 0
9 14 1
9 14 1
9 14 1
9 14 1
9 14 1
10 0 1
10 0 1
10 9 1
10 9 1
10 12 1
10 12 1
10 12 1
10 12 1
10 12 1
10 14 1
10 14 1
10 14 1
10 14 1
10 14 1
11 0 1
11 0 1
11 11 1
11 11 1
12 0 1
12 0 1
12 9 1
12 11 1
12 12 1
12 12 1
12 12 0
12 12 1
12 12 1
12 12 1
12 12 1
12 12 1
12 12 1
12 12 1
12 12 1
12 12 1
12 13 1
12 13 1
12 13 1
12 13 1
12 13 0
12 13 1
12 13 1
12 13 0
12 13 1
12 13 1
12 14 1
12 14 1
12 14 1
12 14 1
12 14 1
13 0 1
13 0 1
13 9 1
13 11 1
13 12 1
13 12 1
13 12 1
13 12 1
13 12 1
13 14 1
13 14 1
13 14 1
13 14 1
13 14 1
14 82 0
14 82 0
14 82 0
14 82 1
14 82 0
14 82 1
14 82 0
15 5 1
15 5 0
15 5 1
15 5 0
15 5 1
15 5 0
15 5 1
15 5 0
15 5 1
15 5 1
15 5 1
15 5 1
15 7 1
15 7 1
15 7 0
15 7 1
15 7 0
15 7 1
15 7 1
15 7 1
15 8 0
15 8 0
15 8 0
15 8 0
15 8 0
15 9 0
15 9 0
15 9 1
15 9 0
15 9 1
15 9 1
15 9 1
15 9 0
15 10 1
15 10 1
15 11 1
15 11 1
15 11 1
15 11 1
15 11 1
15 11 1
15 11 1
15 11 1
15 11 1
15 56 1
15 56 1
15 56 1
15 61 0
15 61 1
15 61 0
15 61 0
15 62 0
15 62 0
15 62 0
15 62 1
15 66 0
15 66 0
15 66 0
15 66 0
15 98 1
15 98 1
15 98 1
15 98 0
15 98 1
15 98 1
15 98 0
15 98 1
15 98 0
15 98 1
15 98 1
15 98 1
15 98 0
15 98 1
15 98 1
15 98 1
15 98 1
15 98 1
15 98 1
15 106 0
15 106 0
15 106 0
15 106 0
15 106 0
15 106 0
15 106 0
15 106 0
15 106 0
15 106 0
15 106 1
15 106 0
15 106 0
15 106 0
16 56 1
16 56 1
16 56 1
16 61 0
16 61 1
16 62 0
16 62 0
16 66 0
16 66 0
16 98 0
16 98 1
16 98 1
16 98 1
16 98 0
16 98 1
16 98 1
16 98 1
16 98 0
16 98 0
16 106 0
16 106 0
16 106 1
16 106 0
16 106 0
16 106 0
16 106 1
16 106 1
16 106 0
16 106 0
16 106 1
16 106 1
16 106 0
16 106 0
16 106 1
16 106 1
16 106 0
16 106 0
16 106 1
16 106 1
16 106 0
16 106 0
16 106 1
16 106 1
16 106 0
16 106 0
16 106 1
16 106 1
16 106 0
16 106 0
16 106 1
16 106 1
16 106 1
16 106 0
16 106 0
16 106 0
16 106 0
16 106 1
17 37 1
17 37 0
17 37 1
17 37 1
17 45 1
17 55 1
17 55 0
17 55 1
17 55 1
17 55 1
17 56 0
17 79 0
17 79 0
17 79 0
17 79 0
17 79 0
17 79 0
17 79 0
17 80 1
17 82 0
17 82 0
17 82 0
17 82 0
17 82 0
17 82 0
17 82 0
17 123 0
17 123 1
17 123 1
18 37 1
18 45 0
18 45 1
18 45 0
18 45 1
18 45 1
18 55 0
18 55 1
18 55 1
18 55 1
18 55 0
18 55 1
18 55 1
18 55 1
18 79 0
18 79 0
18 79 0
18 79 1
18 79 0
18 79 1
18 79 0
18 80 0
18 80 0
18 80 0
18 80 0
18 80 0
18 82 0
18 82 0
18 82 1
18 82 0
18 123 0
18 123 1
18 123 1
18 123 1
18 123 1
18 123 1
18 123 0
18 123 0
18 123 0
18 123 1
18 123 0
18 123 0
18 123 1
18 123 0
18 123 1
18 123 1
18 123 1
18 123 1
18 123 1
18 123 0
19 14 0
19 37 1
19 45 0
19 45 1
19 45 0
19 45 1
19 45 0
19 55 0
19 55 1
19 55 1
19 55 1
19 55 0
19 55 1
19 55 0
19 55 1
19 55 0
19 79 0
19 80 0
19 80 1
19 123 1
19 123 1
19 123 0
19 123 1
19 123 1
19 123 1
19 123 1
19 123 1
19 123 1
19 123 1
19 123 0
19 123 1
19 123 0
19 123 1
19 123 0
20 30 0
20 30 1
20 30 1
20 30 1
20 30 0
20 32 0
20 32 1
20 32 0
20 32 0
20 32 1
20 32 1
20 32 1
20 37 0
20 37 1
20 37 0
20 37 1
20 45 0
20 45 1
20 45 1
20 45 1
20 55 0
20 55 1
20 55 1
20 55 1
20 55 0
20 55 1
20 55 0
20 55 1
20 55 1
20 79 1
20 80 0
20 80 0
20 80 0
20 80 0
20 80 0
20 123 0
20 123 0
20 123 1
20 123 1
20 123 1
20 123 0
20 123 1
20 123 1
20 123 0
20 123 1
20 123 1
20 123 0
20 123 1
20 123 1
20 123 0
20 123 1
20 123 0
20 123 0
20 123 1
20 123 0
20 123 0
20 123 1
20 123 0
21 5 0
21 6 0
21 6 0
21 7 0
21 7 0
21 7 0
21 7 1
21 7 1
21 7 0
21 7 0
21 7 0
21 7 1
21 7 1
21 7 1
21 8 0
21 8 0
21 8 0
21 8 0
21 9 0
21 9 0
21 9 0
21 9 0
21 9 0
21 9 0
21 14 1
21 14 0
21 30 0
21 30 0
21 30 0
21 30 0
21 30 0
21 30 0
21 30 1
21 30 0
21 30 0
21 30 0
21 30 0
21 30 0
21 30 0
21 30 0
21 30 0
21 30 0
21 30 0
21 30 0
21 30 0
21 32 0
21 32 0
21 32 0
21 32 0
21 32 0
21 32 0
21 32 0
21 37 1
21 38 0
21 38 0
21 38 0
21 38 0
21 38 0
21 38 0
21 38 0
21 45 1
21 53 0
21 53 0
21 53 0
21 53 0
21 53 0
21 53 0
21 53 0
21 53 0
21 53 0
21 53 0
21 55 1
21 55 1
21 56 0
21 56 0
21 56 0
21 56 1
21 56 1
21 58 1
21 59 0
21 79 0
21 79 0
21 79 1
21 79 1
21 79 1
21 80 1
21 81 1
21 81 1
21 82 0
21 82 0
21 82 0
21 82 0
21 82 0
21 82 0
21 82 0
21 82 0
21 82 0
21 98 0
21 98 1
21 98 0
21 98 0
21 98 1
21 98 1
21 98 1
21 123 0
21 123 0
21 123 0
21 123 1
21 123 0
21 123 0
21 123 0
21 123 0
21 123 0
21 123 1
21 123 0
22 6 1
22 6 1
22 6 1
22 6 1
22 8 1
22 8 1
22 10 1
22 10 1
22 14 0
22 14 0
22 14 1
22 14 1
22 14 0
22 14 0
22 14 0
22 14 0
22 14 0
22 14 0
22 14 1
22 14 1
22 14 0
22 14 0
22 14 0
22 14 1
22 14 1
22 14 1
22 14 1
22 14 0
22 14 0
22 14 0
22 27 0
22 30 0
22 30 1
22 30 1
22 30 1
22 30 0
22 30 1
22 30 1
22 30 1
22 32 0
22 32 0
22 32 0
22 32 0
22 32 0
22 32 1
22 32 0
22 45 0
22 45 0
22 45 0
22 45 0
22 45 0
